00000000000000000000100110010000
00000000000000000000000000000001
00000000000000000000000000000010
00000000000000000000000000000011
00000000000000000000000010100100
00010100
00000000000000010000000000110000
00000000000000010000011101000000
00000000000000010000010100000101
00000000000000010000010001000000
00000000000000010000001101000000
00000000000000010000001000000101
00000000000000010000010101010001
00000000000000010000001101000010
00000000000000010000000100010010
00000000000000010000010001000000
00000000000000010000011000010100
01000000
00000000000000010000100000000000
