00000000000000000100010101110000
00000000000000000000000000000001
00000000000000000000000000000010
00000000000000000000000000000011
00000000000000000000000000010101
00000000000000000000000010100110
00000000000000000000000000100111
00000000000000000000000000011001
00100000
00000000000000010000000000110000
00000000000000010000011101100000
00000000000000010000010100001000
00000000000000010000010001100000
00000000000000010000001101100000
00000000000000010000001000001000
00000000000000010000010110000001
00000000000000010000010001100000
00000000000000010000000010010101
00000000000000010000011101001000
01001000
00000000000000010000010101011010
00000000000000010000001100011010
00000000000000010000011001010100
01010100
00000000000000010000000110100010
00000000000000010000001101110101
00000000000000010000011000100000
01100000
00000000000000010000100000000000
